0, 0
18, 19
900
1, 0, 0
2, 0, 1
3, 0, 2
4, 0, 3
5, 0, 4
6, 0, 5
7, 0, 6
8, 0, 7
9, 0, 8
10, 0, 9
11, 0, 10
12, 0, 11
13, 0, 12
14, 0, 13
15, 0, 14
16, 0, 15
17, 0, 16
18, 0, 17
19, 0, 18
20, 0, 19
21, 0, 20
22, 0, 21
23, 0, 22
24, 0, 23
25, 0, 24
26, 0, 25
27, 0, 26
28, 0, 27
29, 0, 28
30, 0, 29
31, 1, 0
32, 1, 1
33, 1, 2
34, 1, 3
35, 1, 4
36, 1, 5
37, 1, 6
38, 1, 7
39, 1, 8
40, 1, 9
41, 1, 10
42, 1, 11
43, 1, 12
44, 1, 13
45, 1, 14
46, 1, 15
47, 1, 16
48, 1, 17
49, 1, 18
50, 1, 19
51, 1, 20
52, 1, 21
53, 1, 22
54, 1, 23
55, 1, 24
56, 1, 25
57, 1, 26
58, 1, 27
59, 1, 28
60, 1, 29
61, 2, 0
62, 2, 1
63, 2, 2
64, 2, 3
65, 2, 4
66, 2, 5
67, 2, 6
68, 2, 7
69, 2, 8
70, 2, 9
71, 2, 10
72, 2, 11
73, 2, 12
74, 2, 13
75, 2, 14
76, 2, 15
77, 2, 16
78, 2, 17
79, 2, 18
80, 2, 19
81, 2, 20
82, 2, 21
83, 2, 22
84, 2, 23
85, 2, 24
86, 2, 25
87, 2, 26
88, 2, 27
89, 2, 28
90, 2, 29
91, 3, 0
92, 3, 1
93, 3, 2
94, 3, 3
95, 3, 4
96, 3, 5
97, 3, 6
98, 3, 7
99, 3, 8
100, 3, 9
101, 3, 10
102, 3, 11
103, 3, 12
104, 3, 13
105, 3, 14
106, 3, 15
107, 3, 16
108, 3, 17
109, 3, 18
110, 3, 19
111, 3, 20
112, 3, 21
113, 3, 22
114, 3, 23
115, 3, 24
116, 3, 25
117, 3, 26
118, 3, 27
119, 3, 28
120, 3, 29
121, 4, 0
122, 4, 1
123, 4, 2
124, 4, 3
125, 4, 4
126, 4, 5
127, 4, 6
128, 4, 7
129, 4, 8
130, 4, 9
131, 4, 10
132, 4, 11
133, 4, 12
134, 4, 13
135, 4, 14
136, 4, 15
137, 4, 16
138, 4, 17
139, 4, 18
140, 4, 19
141, 4, 20
142, 4, 21
143, 4, 22
144, 4, 23
145, 4, 24
146, 4, 25
147, 4, 26
148, 4, 27
149, 4, 28
150, 4, 29
151, 5, 0
152, 5, 1
153, 5, 2
154, 5, 3
155, 5, 4
156, 5, 5, obstacle
157, 5, 6, obstacle
158, 5, 7, obstacle
159, 5, 8, obstacle
160, 5, 9, obstacle
161, 5, 10, obstacle
162, 5, 11, obstacle
163, 5, 12, obstacle
164, 5, 13, obstacle
165, 5, 14, obstacle
166, 5, 15, obstacle
167, 5, 16, obstacle
168, 5, 17, obstacle
169, 5, 18, obstacle
170, 5, 19, obstacle
171, 5, 20, obstacle
172, 5, 21, obstacle
173, 5, 22, obstacle
174, 5, 23, obstacle
175, 5, 24, obstacle
176, 5, 25, obstacle
177, 5, 26, obstacle
178, 5, 27
179, 5, 28
180, 5, 29
181, 6, 0
182, 6, 1
183, 6, 2
184, 6, 3
185, 6, 4
186, 6, 5, obstacle
187, 6, 6
188, 6, 7
189, 6, 8
190, 6, 9
191, 6, 10
192, 6, 11
193, 6, 12
194, 6, 13
195, 6, 14
196, 6, 15
197, 6, 16
198, 6, 17
199, 6, 18
200, 6, 19
201, 6, 20
202, 6, 21
203, 6, 22
204, 6, 23
205, 6, 24
206, 6, 25
207, 6, 26
208, 6, 27
209, 6, 28
210, 6, 29
211, 7, 0
212, 7, 1
213, 7, 2
214, 7, 3
215, 7, 4
216, 7, 5, obstacle
217, 7, 6
218, 7, 7
219, 7, 8
220, 7, 9
221, 7, 10
222, 7, 11
223, 7, 12
224, 7, 13
225, 7, 14
226, 7, 15
227, 7, 16
228, 7, 17
229, 7, 18
230, 7, 19
231, 7, 20
232, 7, 21
233, 7, 22
234, 7, 23
235, 7, 24
236, 7, 25
237, 7, 26
238, 7, 27
239, 7, 28
240, 7, 29
241, 8, 0
242, 8, 1
243, 8, 2
244, 8, 3
245, 8, 4
246, 8, 5, obstacle
247, 8, 6
248, 8, 7
249, 8, 8
250, 8, 9
251, 8, 10
252, 8, 11
253, 8, 12
254, 8, 13
255, 8, 14
256, 8, 15
257, 8, 16
258, 8, 17
259, 8, 18
260, 8, 19
261, 8, 20
262, 8, 21
263, 8, 22
264, 8, 23
265, 8, 24
266, 8, 25
267, 8, 26
268, 8, 27
269, 8, 28
270, 8, 29
271, 9, 0
272, 9, 1
273, 9, 2
274, 9, 3
275, 9, 4
276, 9, 5, obstacle
277, 9, 6
278, 9, 7
279, 9, 8
280, 9, 9
281, 9, 10
282, 9, 11
283, 9, 12
284, 9, 13
285, 9, 14
286, 9, 15
287, 9, 16
288, 9, 17
289, 9, 18
290, 9, 19
291, 9, 20
292, 9, 21
293, 9, 22
294, 9, 23
295, 9, 24
296, 9, 25
297, 9, 26
298, 9, 27
299, 9, 28
300, 9, 29
301, 10, 0
302, 10, 1
303, 10, 2
304, 10, 3
305, 10, 4
306, 10, 5, obstacle
307, 10, 6
308, 10, 7
309, 10, 8
310, 10, 9
311, 10, 10
312, 10, 11
313, 10, 12
314, 10, 13
315, 10, 14
316, 10, 15
317, 10, 16, obstacle
318, 10, 17, obstacle
319, 10, 18, obstacle
320, 10, 19, obstacle
321, 10, 20, obstacle
322, 10, 21, obstacle
323, 10, 22
324, 10, 23
325, 10, 24
326, 10, 25
327, 10, 26
328, 10, 27
329, 10, 28
330, 10, 29
331, 11, 0
332, 11, 1
333, 11, 2
334, 11, 3
335, 11, 4
336, 11, 5, obstacle
337, 11, 6
338, 11, 7
339, 11, 8
340, 11, 9
341, 11, 10
342, 11, 11
343, 11, 12
344, 11, 13
345, 11, 14
346, 11, 15
347, 11, 16
348, 11, 17, obstacle
349, 11, 18
350, 11, 19
351, 11, 20
352, 11, 21
353, 11, 22
354, 11, 23
355, 11, 24
356, 11, 25
357, 11, 26
358, 11, 27
359, 11, 28
360, 11, 29
361, 12, 0
362, 12, 1
363, 12, 2
364, 12, 3
365, 12, 4
366, 12, 5, obstacle
367, 12, 6
368, 12, 7
369, 12, 8
370, 12, 9
371, 12, 10
372, 12, 11
373, 12, 12
374, 12, 13
375, 12, 14
376, 12, 15
377, 12, 16
378, 12, 17, obstacle
379, 12, 18
380, 12, 19
381, 12, 20
382, 12, 21
383, 12, 22
384, 12, 23
385, 12, 24
386, 12, 25
387, 12, 26
388, 12, 27
389, 12, 28
390, 12, 29
391, 13, 0
392, 13, 1
393, 13, 2
394, 13, 3
395, 13, 4
396, 13, 5, obstacle
397, 13, 6
398, 13, 7
399, 13, 8
400, 13, 9
401, 13, 10
402, 13, 11
403, 13, 12
404, 13, 13
405, 13, 14
406, 13, 15
407, 13, 16
408, 13, 17, obstacle
409, 13, 18
410, 13, 19
411, 13, 20
412, 13, 21
413, 13, 22
414, 13, 23
415, 13, 24
416, 13, 25
417, 13, 26
418, 13, 27
419, 13, 28
420, 13, 29
421, 14, 0
422, 14, 1
423, 14, 2
424, 14, 3
425, 14, 4
426, 14, 5, obstacle
427, 14, 6
428, 14, 7
429, 14, 8
430, 14, 9
431, 14, 10
432, 14, 11
433, 14, 12
434, 14, 13
435, 14, 14
436, 14, 15
437, 14, 16
438, 14, 17, obstacle
439, 14, 18
440, 14, 19
441, 14, 20
442, 14, 21
443, 14, 22
444, 14, 23
445, 14, 24
446, 14, 25
447, 14, 26
448, 14, 27
449, 14, 28
450, 14, 29
451, 15, 0
452, 15, 1
453, 15, 2
454, 15, 3
455, 15, 4
456, 15, 5, obstacle
457, 15, 6
458, 15, 7
459, 15, 8
460, 15, 9
461, 15, 10
462, 15, 11
463, 15, 12
464, 15, 13
465, 15, 14
466, 15, 15
467, 15, 16
468, 15, 17, obstacle
469, 15, 18
470, 15, 19
471, 15, 20
472, 15, 21
473, 15, 22
474, 15, 23
475, 15, 24
476, 15, 25
477, 15, 26
478, 15, 27
479, 15, 28
480, 15, 29
481, 16, 0
482, 16, 1
483, 16, 2
484, 16, 3
485, 16, 4
486, 16, 5, obstacle
487, 16, 6
488, 16, 7
489, 16, 8
490, 16, 9
491, 16, 10
492, 16, 11, obstacle
493, 16, 12, obstacle
494, 16, 13, obstacle
495, 16, 14, obstacle
496, 16, 15, obstacle
497, 16, 16, obstacle
498, 16, 17, obstacle
499, 16, 18, obstacle
500, 16, 19, obstacle
501, 16, 20, obstacle
502, 16, 21, obstacle
503, 16, 22, obstacle
504, 16, 23
505, 16, 24
506, 16, 25
507, 16, 26
508, 16, 27
509, 16, 28
510, 16, 29
511, 17, 0
512, 17, 1
513, 17, 2
514, 17, 3
515, 17, 4
516, 17, 5, obstacle
517, 17, 6
518, 17, 7
519, 17, 8
520, 17, 9
521, 17, 10
522, 17, 11
523, 17, 12
524, 17, 13
525, 17, 14
526, 17, 15
527, 17, 16
528, 17, 17
529, 17, 18
530, 17, 19
531, 17, 20
532, 17, 21
533, 17, 22, obstacle
534, 17, 23
535, 17, 24
536, 17, 25
537, 17, 26
538, 17, 27
539, 17, 28
540, 17, 29
541, 18, 0
542, 18, 1
543, 18, 2
544, 18, 3
545, 18, 4
546, 18, 5, obstacle
547, 18, 6
548, 18, 7
549, 18, 8
550, 18, 9
551, 18, 10
552, 18, 11
553, 18, 12
554, 18, 13
555, 18, 14
556, 18, 15
557, 18, 16
558, 18, 17
559, 18, 18
560, 18, 19
561, 18, 20
562, 18, 21
563, 18, 22, obstacle
564, 18, 23
565, 18, 24
566, 18, 25
567, 18, 26
568, 18, 27
569, 18, 28
570, 18, 29
571, 19, 0
572, 19, 1
573, 19, 2
574, 19, 3
575, 19, 4
576, 19, 5, obstacle
577, 19, 6
578, 19, 7
579, 19, 8
580, 19, 9
581, 19, 10
582, 19, 11
583, 19, 12
584, 19, 13
585, 19, 14
586, 19, 15
587, 19, 16
588, 19, 17
589, 19, 18
590, 19, 19
591, 19, 20
592, 19, 21
593, 19, 22, obstacle
594, 19, 23
595, 19, 24
596, 19, 25
597, 19, 26
598, 19, 27
599, 19, 28
600, 19, 29
601, 20, 0
602, 20, 1
603, 20, 2
604, 20, 3
605, 20, 4
606, 20, 5, obstacle
607, 20, 6
608, 20, 7
609, 20, 8
610, 20, 9
611, 20, 10
612, 20, 11
613, 20, 12
614, 20, 13, obstacle
615, 20, 14, obstacle
616, 20, 15, obstacle
617, 20, 16, obstacle
618, 20, 17, obstacle
619, 20, 18, obstacle
620, 20, 19, obstacle
621, 20, 20, obstacle
622, 20, 21, obstacle
623, 20, 22, obstacle
624, 20, 23
625, 20, 24
626, 20, 25
627, 20, 26
628, 20, 27
629, 20, 28
630, 20, 29
631, 21, 0
632, 21, 1
633, 21, 2
634, 21, 3
635, 21, 4
636, 21, 5, obstacle
637, 21, 6
638, 21, 7
639, 21, 8
640, 21, 9
641, 21, 10
642, 21, 11
643, 21, 12
644, 21, 13
645, 21, 14
646, 21, 15
647, 21, 16
648, 21, 17
649, 21, 18
650, 21, 19
651, 21, 20
652, 21, 21
653, 21, 22
654, 21, 23
655, 21, 24
656, 21, 25
657, 21, 26
658, 21, 27
659, 21, 28
660, 21, 29
661, 22, 0
662, 22, 1
663, 22, 2
664, 22, 3
665, 22, 4
666, 22, 5, obstacle
667, 22, 6
668, 22, 7
669, 22, 8
670, 22, 9
671, 22, 10
672, 22, 11
673, 22, 12
674, 22, 13
675, 22, 14
676, 22, 15
677, 22, 16
678, 22, 17
679, 22, 18
680, 22, 19
681, 22, 20
682, 22, 21
683, 22, 22
684, 22, 23
685, 22, 24
686, 22, 25
687, 22, 26
688, 22, 27
689, 22, 28
690, 22, 29
691, 23, 0
692, 23, 1
693, 23, 2
694, 23, 3
695, 23, 4
696, 23, 5, obstacle
697, 23, 6
698, 23, 7
699, 23, 8
700, 23, 9
701, 23, 10
702, 23, 11
703, 23, 12
704, 23, 13
705, 23, 14
706, 23, 15
707, 23, 16
708, 23, 17
709, 23, 18
710, 23, 19
711, 23, 20
712, 23, 21
713, 23, 22
714, 23, 23
715, 23, 24
716, 23, 25
717, 23, 26
718, 23, 27
719, 23, 28
720, 23, 29
721, 24, 0
722, 24, 1
723, 24, 2
724, 24, 3
725, 24, 4
726, 24, 5, obstacle
727, 24, 6, obstacle
728, 24, 7, obstacle
729, 24, 8, obstacle
730, 24, 9, obstacle
731, 24, 10, obstacle
732, 24, 11, obstacle
733, 24, 12, obstacle
734, 24, 13, obstacle
735, 24, 14, obstacle
736, 24, 15
737, 24, 16
738, 24, 17
739, 24, 18
740, 24, 19
741, 24, 20
742, 24, 21
743, 24, 22, obstacle
744, 24, 23
745, 24, 24
746, 24, 25
747, 24, 26
748, 24, 27
749, 24, 28
750, 24, 29
751, 25, 0
752, 25, 1
753, 25, 2
754, 25, 3
755, 25, 4
756, 25, 5
757, 25, 6
758, 25, 7
759, 25, 8
760, 25, 9
761, 25, 10
762, 25, 11
763, 25, 12
764, 25, 13
765, 25, 14
766, 25, 15
767, 25, 16
768, 25, 17
769, 25, 18
770, 25, 19
771, 25, 20
772, 25, 21
773, 25, 22, obstacle
774, 25, 23
775, 25, 24
776, 25, 25
777, 25, 26
778, 25, 27
779, 25, 28
780, 25, 29
781, 26, 0
782, 26, 1
783, 26, 2
784, 26, 3
785, 26, 4
786, 26, 5
787, 26, 6
788, 26, 7
789, 26, 8
790, 26, 9
791, 26, 10
792, 26, 11
793, 26, 12
794, 26, 13
795, 26, 14
796, 26, 15
797, 26, 16
798, 26, 17
799, 26, 18
800, 26, 19
801, 26, 20
802, 26, 21
803, 26, 22, obstacle
804, 26, 23
805, 26, 24
806, 26, 25
807, 26, 26
808, 26, 27
809, 26, 28
810, 26, 29
811, 27, 0
812, 27, 1
813, 27, 2
814, 27, 3
815, 27, 4
816, 27, 5
817, 27, 6
818, 27, 7
819, 27, 8
820, 27, 9
821, 27, 10
822, 27, 11
823, 27, 12
824, 27, 13
825, 27, 14
826, 27, 15
827, 27, 16
828, 27, 17
829, 27, 18
830, 27, 19
831, 27, 20
832, 27, 21
833, 27, 22, obstacle
834, 27, 23
835, 27, 24
836, 27, 25
837, 27, 26
838, 27, 27
839, 27, 28
840, 27, 29
841, 28, 0
842, 28, 1
843, 28, 2
844, 28, 3
845, 28, 4
846, 28, 5
847, 28, 6
848, 28, 7
849, 28, 8
850, 28, 9
851, 28, 10
852, 28, 11
853, 28, 12
854, 28, 13
855, 28, 14
856, 28, 15
857, 28, 16
858, 28, 17
859, 28, 18
860, 28, 19
861, 28, 20
862, 28, 21
863, 28, 22, obstacle
864, 28, 23
865, 28, 24
866, 28, 25
867, 28, 26
868, 28, 27
869, 28, 28
870, 28, 29
871, 29, 0
872, 29, 1
873, 29, 2
874, 29, 3
875, 29, 4
876, 29, 5
877, 29, 6
878, 29, 7
879, 29, 8
880, 29, 9
881, 29, 10
882, 29, 11
883, 29, 12
884, 29, 13
885, 29, 14
886, 29, 15
887, 29, 16
888, 29, 17
889, 29, 18
890, 29, 19
891, 29, 20
892, 29, 21
893, 29, 22, obstacle
894, 29, 23
895, 29, 24
896, 29, 25
897, 29, 26
898, 29, 27
899, 29, 28
900, 29, 29
1740
1, 2, 3
1, 31, 2
2, 3, 3
2, 32, 2
3, 4, 3
3, 33, 2
4, 5, 3
4, 34, 2
5, 6, 3
5, 35, 2
6, 7, 3
6, 36, 2
7, 8, 3
7, 37, 2
8, 9, 3
8, 38, 2
9, 10, 3
9, 39, 2
10, 11, 3
10, 40, 2
11, 12, 3
11, 41, 2
12, 13, 3
12, 42, 2
13, 14, 3
13, 43, 2
14, 15, 3
14, 44, 2
15, 16, 3
15, 45, 2
16, 17, 3
16, 46, 2
17, 18, 3
17, 47, 2
18, 19, 3
18, 48, 2
19, 20, 3
19, 49, 2
20, 21, 3
20, 50, 2
21, 22, 3
21, 51, 2
22, 23, 3
22, 52, 2
23, 24, 3
23, 53, 2
24, 25, 3
24, 54, 2
25, 26, 3
25, 55, 2
26, 27, 3
26, 56, 2
27, 28, 3
27, 57, 2
28, 29, 3
28, 58, 2
29, 30, 3
29, 59, 2
30, 60, 2
31, 32, 3
31, 61, 2
32, 33, 3
32, 62, 2
33, 34, 3
33, 63, 2
34, 35, 3
34, 64, 2
35, 36, 3
35, 65, 2
36, 37, 3
36, 66, 2
37, 38, 3
37, 67, 2
38, 39, 3
38, 68, 2
39, 40, 3
39, 69, 2
40, 41, 3
40, 70, 2
41, 42, 3
41, 71, 2
42, 43, 3
42, 72, 2
43, 44, 3
43, 73, 2
44, 45, 3
44, 74, 2
45, 46, 3
45, 75, 2
46, 47, 3
46, 76, 2
47, 48, 3
47, 77, 2
48, 49, 3
48, 78, 2
49, 50, 3
49, 79, 2
50, 51, 3
50, 80, 2
51, 52, 3
51, 81, 2
52, 53, 3
52, 82, 2
53, 54, 3
53, 83, 2
54, 55, 3
54, 84, 2
55, 56, 3
55, 85, 2
56, 57, 3
56, 86, 2
57, 58, 3
57, 87, 2
58, 59, 3
58, 88, 2
59, 60, 3
59, 89, 2
60, 90, 2
61, 62, 3
61, 91, 2
62, 63, 3
62, 92, 2
63, 64, 3
63, 93, 2
64, 65, 3
64, 94, 2
65, 66, 3
65, 95, 2
66, 67, 3
66, 96, 2
67, 68, 3
67, 97, 2
68, 69, 3
68, 98, 2
69, 70, 3
69, 99, 2
70, 71, 3
70, 100, 2
71, 72, 3
71, 101, 2
72, 73, 3
72, 102, 2
73, 74, 3
73, 103, 2
74, 75, 3
74, 104, 2
75, 76, 3
75, 105, 2
76, 77, 3
76, 106, 2
77, 78, 3
77, 107, 2
78, 79, 3
78, 108, 2
79, 80, 3
79, 109, 2
80, 81, 3
80, 110, 2
81, 82, 3
81, 111, 2
82, 83, 3
82, 112, 2
83, 84, 3
83, 113, 2
84, 85, 3
84, 114, 2
85, 86, 3
85, 115, 2
86, 87, 3
86, 116, 2
87, 88, 3
87, 117, 2
88, 89, 3
88, 118, 2
89, 90, 3
89, 119, 2
90, 120, 2
91, 92, 3
91, 121, 2
92, 93, 3
92, 122, 2
93, 94, 3
93, 123, 2
94, 95, 3
94, 124, 2
95, 96, 3
95, 125, 2
96, 97, 3
96, 126, 2
97, 98, 3
97, 127, 2
98, 99, 3
98, 128, 2
99, 100, 3
99, 129, 2
100, 101, 3
100, 130, 2
101, 102, 3
101, 131, 2
102, 103, 3
102, 132, 2
103, 104, 3
103, 133, 2
104, 105, 3
104, 134, 2
105, 106, 3
105, 135, 2
106, 107, 3
106, 136, 2
107, 108, 3
107, 137, 2
108, 109, 3
108, 138, 2
109, 110, 3
109, 139, 2
110, 111, 3
110, 140, 2
111, 112, 3
111, 141, 2
112, 113, 3
112, 142, 2
113, 114, 3
113, 143, 2
114, 115, 3
114, 144, 2
115, 116, 3
115, 145, 2
116, 117, 3
116, 146, 2
117, 118, 3
117, 147, 2
118, 119, 3
118, 148, 2
119, 120, 3
119, 149, 2
120, 150, 2
121, 122, 3
121, 151, 2
122, 123, 3
122, 152, 2
123, 124, 3
123, 153, 2
124, 125, 3
124, 154, 2
125, 126, 3
125, 155, 2
126, 127, 3
126, 156, 2
127, 128, 3
127, 157, 2
128, 129, 3
128, 158, 2
129, 130, 3
129, 159, 2
130, 131, 3
130, 160, 2
131, 132, 3
131, 161, 2
132, 133, 3
132, 162, 2
133, 134, 3
133, 163, 2
134, 135, 3
134, 164, 2
135, 136, 3
135, 165, 2
136, 137, 3
136, 166, 2
137, 138, 3
137, 167, 2
138, 139, 3
138, 168, 2
139, 140, 3
139, 169, 2
140, 141, 3
140, 170, 2
141, 142, 3
141, 171, 2
142, 143, 3
142, 172, 2
143, 144, 3
143, 173, 2
144, 145, 3
144, 174, 2
145, 146, 3
145, 175, 2
146, 147, 3
146, 176, 2
147, 148, 3
147, 177, 2
148, 149, 3
148, 178, 2
149, 150, 3
149, 179, 2
150, 180, 2
151, 152, 3
151, 181, 2
152, 153, 3
152, 182, 2
153, 154, 3
153, 183, 2
154, 155, 3
154, 184, 2
155, 156, 3
155, 185, 2
156, 157, 3
156, 186, 2
157, 158, 3
157, 187, 2
158, 159, 3
158, 188, 2
159, 160, 3
159, 189, 2
160, 161, 3
160, 190, 2
161, 162, 3
161, 191, 2
162, 163, 3
162, 192, 2
163, 164, 3
163, 193, 2
164, 165, 3
164, 194, 2
165, 166, 3
165, 195, 2
166, 167, 3
166, 196, 2
167, 168, 3
167, 197, 2
168, 169, 3
168, 198, 2
169, 170, 3
169, 199, 2
170, 171, 3
170, 200, 2
171, 172, 3
171, 201, 2
172, 173, 3
172, 202, 2
173, 174, 3
173, 203, 2
174, 175, 3
174, 204, 2
175, 176, 3
175, 205, 2
176, 177, 3
176, 206, 2
177, 178, 3
177, 207, 2
178, 179, 3
178, 208, 2
179, 180, 3
179, 209, 2
180, 210, 2
181, 182, 3
181, 211, 2
182, 183, 3
182, 212, 2
183, 184, 3
183, 213, 2
184, 185, 3
184, 214, 2
185, 186, 3
185, 215, 2
186, 187, 3
186, 216, 2
187, 188, 3
187, 217, 2
188, 189, 3
188, 218, 2
189, 190, 3
189, 219, 2
190, 191, 3
190, 220, 2
191, 192, 3
191, 221, 2
192, 193, 3
192, 222, 2
193, 194, 3
193, 223, 2
194, 195, 3
194, 224, 2
195, 196, 3
195, 225, 2
196, 197, 3
196, 226, 2
197, 198, 3
197, 227, 2
198, 199, 3
198, 228, 2
199, 200, 3
199, 229, 2
200, 201, 3
200, 230, 2
201, 202, 3
201, 231, 2
202, 203, 3
202, 232, 2
203, 204, 3
203, 233, 2
204, 205, 3
204, 234, 2
205, 206, 3
205, 235, 2
206, 207, 3
206, 236, 2
207, 208, 3
207, 237, 2
208, 209, 3
208, 238, 2
209, 210, 3
209, 239, 2
210, 240, 2
211, 212, 3
211, 241, 2
212, 213, 3
212, 242, 2
213, 214, 3
213, 243, 2
214, 215, 3
214, 244, 2
215, 216, 3
215, 245, 2
216, 217, 3
216, 246, 2
217, 218, 3
217, 247, 2
218, 219, 3
218, 248, 2
219, 220, 3
219, 249, 2
220, 221, 3
220, 250, 2
221, 222, 3
221, 251, 2
222, 223, 3
222, 252, 2
223, 224, 3
223, 253, 2
224, 225, 3
224, 254, 2
225, 226, 3
225, 255, 2
226, 227, 3
226, 256, 2
227, 228, 3
227, 257, 2
228, 229, 3
228, 258, 2
229, 230, 3
229, 259, 2
230, 231, 3
230, 260, 2
231, 232, 3
231, 261, 2
232, 233, 3
232, 262, 2
233, 234, 3
233, 263, 2
234, 235, 3
234, 264, 2
235, 236, 3
235, 265, 2
236, 237, 3
236, 266, 2
237, 238, 3
237, 267, 2
238, 239, 3
238, 268, 2
239, 240, 3
239, 269, 2
240, 270, 2
241, 242, 3
241, 271, 2
242, 243, 3
242, 272, 2
243, 244, 3
243, 273, 2
244, 245, 3
244, 274, 2
245, 246, 3
245, 275, 2
246, 247, 3
246, 276, 2
247, 248, 3
247, 277, 2
248, 249, 3
248, 278, 2
249, 250, 3
249, 279, 2
250, 251, 3
250, 280, 2
251, 252, 3
251, 281, 2
252, 253, 3
252, 282, 2
253, 254, 3
253, 283, 2
254, 255, 3
254, 284, 2
255, 256, 3
255, 285, 2
256, 257, 3
256, 286, 2
257, 258, 3
257, 287, 2
258, 259, 3
258, 288, 2
259, 260, 3
259, 289, 2
260, 261, 3
260, 290, 2
261, 262, 3
261, 291, 2
262, 263, 3
262, 292, 2
263, 264, 3
263, 293, 2
264, 265, 3
264, 294, 2
265, 266, 3
265, 295, 2
266, 267, 3
266, 296, 2
267, 268, 3
267, 297, 2
268, 269, 3
268, 298, 2
269, 270, 3
269, 299, 2
270, 300, 2
271, 272, 3
271, 301, 2
272, 273, 3
272, 302, 2
273, 274, 3
273, 303, 2
274, 275, 3
274, 304, 2
275, 276, 3
275, 305, 2
276, 277, 3
276, 306, 2
277, 278, 3
277, 307, 2
278, 279, 3
278, 308, 2
279, 280, 3
279, 309, 2
280, 281, 3
280, 310, 2
281, 282, 3
281, 311, 2
282, 283, 3
282, 312, 2
283, 284, 3
283, 313, 2
284, 285, 3
284, 314, 2
285, 286, 3
285, 315, 2
286, 287, 3
286, 316, 2
287, 288, 3
287, 317, 2
288, 289, 3
288, 318, 2
289, 290, 3
289, 319, 2
290, 291, 3
290, 320, 2
291, 292, 3
291, 321, 2
292, 293, 3
292, 322, 2
293, 294, 3
293, 323, 2
294, 295, 3
294, 324, 2
295, 296, 3
295, 325, 2
296, 297, 3
296, 326, 2
297, 298, 3
297, 327, 2
298, 299, 3
298, 328, 2
299, 300, 3
299, 329, 2
300, 330, 2
301, 302, 3
301, 331, 2
302, 303, 3
302, 332, 2
303, 304, 3
303, 333, 2
304, 305, 3
304, 334, 2
305, 306, 3
305, 335, 2
306, 307, 3
306, 336, 2
307, 308, 3
307, 337, 2
308, 309, 3
308, 338, 2
309, 310, 3
309, 339, 2
310, 311, 3
310, 340, 2
311, 312, 3
311, 341, 2
312, 313, 3
312, 342, 2
313, 314, 3
313, 343, 2
314, 315, 3
314, 344, 2
315, 316, 3
315, 345, 2
316, 317, 3
316, 346, 2
317, 318, 3
317, 347, 2
318, 319, 3
318, 348, 2
319, 320, 3
319, 349, 2
320, 321, 3
320, 350, 2
321, 322, 3
321, 351, 2
322, 323, 3
322, 352, 2
323, 324, 3
323, 353, 2
324, 325, 3
324, 354, 2
325, 326, 3
325, 355, 2
326, 327, 3
326, 356, 2
327, 328, 3
327, 357, 2
328, 329, 3
328, 358, 2
329, 330, 3
329, 359, 2
330, 360, 2
331, 332, 3
331, 361, 2
332, 333, 3
332, 362, 2
333, 334, 3
333, 363, 2
334, 335, 3
334, 364, 2
335, 336, 3
335, 365, 2
336, 337, 3
336, 366, 2
337, 338, 3
337, 367, 2
338, 339, 3
338, 368, 2
339, 340, 3
339, 369, 2
340, 341, 3
340, 370, 2
341, 342, 3
341, 371, 2
342, 343, 3
342, 372, 2
343, 344, 3
343, 373, 2
344, 345, 3
344, 374, 2
345, 346, 3
345, 375, 2
346, 347, 3
346, 376, 2
347, 348, 3
347, 377, 2
348, 349, 3
348, 378, 2
349, 350, 3
349, 379, 2
350, 351, 3
350, 380, 2
351, 352, 3
351, 381, 2
352, 353, 3
352, 382, 2
353, 354, 3
353, 383, 2
354, 355, 3
354, 384, 2
355, 356, 3
355, 385, 2
356, 357, 3
356, 386, 2
357, 358, 3
357, 387, 2
358, 359, 3
358, 388, 2
359, 360, 3
359, 389, 2
360, 390, 2
361, 362, 3
361, 391, 2
362, 363, 3
362, 392, 2
363, 364, 3
363, 393, 2
364, 365, 3
364, 394, 2
365, 366, 3
365, 395, 2
366, 367, 3
366, 396, 2
367, 368, 3
367, 397, 2
368, 369, 3
368, 398, 2
369, 370, 3
369, 399, 2
370, 371, 3
370, 400, 2
371, 372, 3
371, 401, 2
372, 373, 3
372, 402, 2
373, 374, 3
373, 403, 2
374, 375, 3
374, 404, 2
375, 376, 3
375, 405, 2
376, 377, 3
376, 406, 2
377, 378, 3
377, 407, 2
378, 379, 3
378, 408, 2
379, 380, 3
379, 409, 2
380, 381, 3
380, 410, 2
381, 382, 3
381, 411, 2
382, 383, 3
382, 412, 2
383, 384, 3
383, 413, 2
384, 385, 3
384, 414, 2
385, 386, 3
385, 415, 2
386, 387, 3
386, 416, 2
387, 388, 3
387, 417, 2
388, 389, 3
388, 418, 2
389, 390, 3
389, 419, 2
390, 420, 2
391, 392, 3
391, 421, 2
392, 393, 3
392, 422, 2
393, 394, 3
393, 423, 2
394, 395, 3
394, 424, 2
395, 396, 3
395, 425, 2
396, 397, 3
396, 426, 2
397, 398, 3
397, 427, 2
398, 399, 3
398, 428, 2
399, 400, 3
399, 429, 2
400, 401, 3
400, 430, 2
401, 402, 3
401, 431, 2
402, 403, 3
402, 432, 2
403, 404, 3
403, 433, 2
404, 405, 3
404, 434, 2
405, 406, 3
405, 435, 2
406, 407, 3
406, 436, 2
407, 408, 3
407, 437, 2
408, 409, 3
408, 438, 2
409, 410, 3
409, 439, 2
410, 411, 3
410, 440, 2
411, 412, 3
411, 441, 2
412, 413, 3
412, 442, 2
413, 414, 3
413, 443, 2
414, 415, 3
414, 444, 2
415, 416, 3
415, 445, 2
416, 417, 3
416, 446, 2
417, 418, 3
417, 447, 2
418, 419, 3
418, 448, 2
419, 420, 3
419, 449, 2
420, 450, 2
421, 422, 3
421, 451, 2
422, 423, 3
422, 452, 2
423, 424, 3
423, 453, 2
424, 425, 3
424, 454, 2
425, 426, 3
425, 455, 2
426, 427, 3
426, 456, 2
427, 428, 3
427, 457, 2
428, 429, 3
428, 458, 2
429, 430, 3
429, 459, 2
430, 431, 3
430, 460, 2
431, 432, 3
431, 461, 2
432, 433, 3
432, 462, 2
433, 434, 3
433, 463, 2
434, 435, 3
434, 464, 2
435, 436, 3
435, 465, 2
436, 437, 3
436, 466, 2
437, 438, 3
437, 467, 2
438, 439, 3
438, 468, 2
439, 440, 3
439, 469, 2
440, 441, 3
440, 470, 2
441, 442, 3
441, 471, 2
442, 443, 3
442, 472, 2
443, 444, 3
443, 473, 2
444, 445, 3
444, 474, 2
445, 446, 3
445, 475, 2
446, 447, 3
446, 476, 2
447, 448, 3
447, 477, 2
448, 449, 3
448, 478, 2
449, 450, 3
449, 479, 2
450, 480, 2
451, 452, 3
451, 481, 2
452, 453, 3
452, 482, 2
453, 454, 3
453, 483, 2
454, 455, 3
454, 484, 2
455, 456, 3
455, 485, 2
456, 457, 3
456, 486, 2
457, 458, 3
457, 487, 2
458, 459, 3
458, 488, 2
459, 460, 3
459, 489, 2
460, 461, 3
460, 490, 2
461, 462, 3
461, 491, 2
462, 463, 3
462, 492, 2
463, 464, 3
463, 493, 2
464, 465, 3
464, 494, 2
465, 466, 3
465, 495, 2
466, 467, 3
466, 496, 2
467, 468, 3
467, 497, 2
468, 469, 3
468, 498, 2
469, 470, 3
469, 499, 2
470, 471, 3
470, 500, 2
471, 472, 3
471, 501, 2
472, 473, 3
472, 502, 2
473, 474, 3
473, 503, 2
474, 475, 3
474, 504, 2
475, 476, 3
475, 505, 2
476, 477, 3
476, 506, 2
477, 478, 3
477, 507, 2
478, 479, 3
478, 508, 2
479, 480, 3
479, 509, 2
480, 510, 2
481, 482, 3
481, 511, 2
482, 483, 3
482, 512, 2
483, 484, 3
483, 513, 2
484, 485, 3
484, 514, 2
485, 486, 3
485, 515, 2
486, 487, 3
486, 516, 2
487, 488, 3
487, 517, 2
488, 489, 3
488, 518, 2
489, 490, 3
489, 519, 2
490, 491, 3
490, 520, 2
491, 492, 3
491, 521, 2
492, 493, 3
492, 522, 2
493, 494, 3
493, 523, 2
494, 495, 3
494, 524, 2
495, 496, 3
495, 525, 2
496, 497, 3
496, 526, 2
497, 498, 3
497, 527, 2
498, 499, 3
498, 528, 2
499, 500, 3
499, 529, 2
500, 501, 3
500, 530, 2
501, 502, 3
501, 531, 2
502, 503, 3
502, 532, 2
503, 504, 3
503, 533, 2
504, 505, 3
504, 534, 2
505, 506, 3
505, 535, 2
506, 507, 3
506, 536, 2
507, 508, 3
507, 537, 2
508, 509, 3
508, 538, 2
509, 510, 3
509, 539, 2
510, 540, 2
511, 512, 3
511, 541, 2
512, 513, 3
512, 542, 2
513, 514, 3
513, 543, 2
514, 515, 3
514, 544, 2
515, 516, 3
515, 545, 2
516, 517, 3
516, 546, 2
517, 518, 3
517, 547, 2
518, 519, 3
518, 548, 2
519, 520, 3
519, 549, 2
520, 521, 3
520, 550, 2
521, 522, 3
521, 551, 2
522, 523, 3
522, 552, 2
523, 524, 3
523, 553, 2
524, 525, 3
524, 554, 2
525, 526, 3
525, 555, 2
526, 527, 3
526, 556, 2
527, 528, 3
527, 557, 2
528, 529, 3
528, 558, 2
529, 530, 3
529, 559, 2
530, 531, 3
530, 560, 2
531, 532, 3
531, 561, 2
532, 533, 3
532, 562, 2
533, 534, 3
533, 563, 2
534, 535, 3
534, 564, 2
535, 536, 3
535, 565, 2
536, 537, 3
536, 566, 2
537, 538, 3
537, 567, 2
538, 539, 3
538, 568, 2
539, 540, 3
539, 569, 2
540, 570, 2
541, 542, 3
541, 571, 2
542, 543, 3
542, 572, 2
543, 544, 3
543, 573, 2
544, 545, 3
544, 574, 2
545, 546, 3
545, 575, 2
546, 547, 3
546, 576, 2
547, 548, 3
547, 577, 2
548, 549, 3
548, 578, 2
549, 550, 3
549, 579, 2
550, 551, 3
550, 580, 2
551, 552, 3
551, 581, 2
552, 553, 3
552, 582, 2
553, 554, 3
553, 583, 2
554, 555, 3
554, 584, 2
555, 556, 3
555, 585, 2
556, 557, 3
556, 586, 2
557, 558, 3
557, 587, 2
558, 559, 3
558, 588, 2
559, 560, 3
559, 589, 2
560, 561, 3
560, 590, 2
561, 562, 3
561, 591, 2
562, 563, 3
562, 592, 2
563, 564, 3
563, 593, 2
564, 565, 3
564, 594, 2
565, 566, 3
565, 595, 2
566, 567, 3
566, 596, 2
567, 568, 3
567, 597, 2
568, 569, 3
568, 598, 2
569, 570, 3
569, 599, 2
570, 600, 2
571, 572, 3
571, 601, 2
572, 573, 3
572, 602, 2
573, 574, 3
573, 603, 2
574, 575, 3
574, 604, 2
575, 576, 3
575, 605, 2
576, 577, 3
576, 606, 2
577, 578, 3
577, 607, 2
578, 579, 3
578, 608, 2
579, 580, 3
579, 609, 2
580, 581, 3
580, 610, 2
581, 582, 3
581, 611, 2
582, 583, 3
582, 612, 2
583, 584, 3
583, 613, 2
584, 585, 3
584, 614, 2
585, 586, 3
585, 615, 2
586, 587, 3
586, 616, 2
587, 588, 3
587, 617, 2
588, 589, 3
588, 618, 2
589, 590, 3
589, 619, 2
590, 591, 3
590, 620, 2
591, 592, 3
591, 621, 2
592, 593, 3
592, 622, 2
593, 594, 3
593, 623, 2
594, 595, 3
594, 624, 2
595, 596, 3
595, 625, 2
596, 597, 3
596, 626, 2
597, 598, 3
597, 627, 2
598, 599, 3
598, 628, 2
599, 600, 3
599, 629, 2
600, 630, 2
601, 602, 3
601, 631, 2
602, 603, 3
602, 632, 2
603, 604, 3
603, 633, 2
604, 605, 3
604, 634, 2
605, 606, 3
605, 635, 2
606, 607, 3
606, 636, 2
607, 608, 3
607, 637, 2
608, 609, 3
608, 638, 2
609, 610, 3
609, 639, 2
610, 611, 3
610, 640, 2
611, 612, 3
611, 641, 2
612, 613, 3
612, 642, 2
613, 614, 3
613, 643, 2
614, 615, 3
614, 644, 2
615, 616, 3
615, 645, 2
616, 617, 3
616, 646, 2
617, 618, 3
617, 647, 2
618, 619, 3
618, 648, 2
619, 620, 3
619, 649, 2
620, 621, 3
620, 650, 2
621, 622, 3
621, 651, 2
622, 623, 3
622, 652, 2
623, 624, 3
623, 653, 2
624, 625, 3
624, 654, 2
625, 626, 3
625, 655, 2
626, 627, 3
626, 656, 2
627, 628, 3
627, 657, 2
628, 629, 3
628, 658, 2
629, 630, 3
629, 659, 2
630, 660, 2
631, 632, 3
631, 661, 2
632, 633, 3
632, 662, 2
633, 634, 3
633, 663, 2
634, 635, 3
634, 664, 2
635, 636, 3
635, 665, 2
636, 637, 3
636, 666, 2
637, 638, 3
637, 667, 2
638, 639, 3
638, 668, 2
639, 640, 3
639, 669, 2
640, 641, 3
640, 670, 2
641, 642, 3
641, 671, 2
642, 643, 3
642, 672, 2
643, 644, 3
643, 673, 2
644, 645, 3
644, 674, 2
645, 646, 3
645, 675, 2
646, 647, 3
646, 676, 2
647, 648, 3
647, 677, 2
648, 649, 3
648, 678, 2
649, 650, 3
649, 679, 2
650, 651, 3
650, 680, 2
651, 652, 3
651, 681, 2
652, 653, 3
652, 682, 2
653, 654, 3
653, 683, 2
654, 655, 3
654, 684, 2
655, 656, 3
655, 685, 2
656, 657, 3
656, 686, 2
657, 658, 3
657, 687, 2
658, 659, 3
658, 688, 2
659, 660, 3
659, 689, 2
660, 690, 2
661, 662, 3
661, 691, 2
662, 663, 3
662, 692, 2
663, 664, 3
663, 693, 2
664, 665, 3
664, 694, 2
665, 666, 3
665, 695, 2
666, 667, 3
666, 696, 2
667, 668, 3
667, 697, 2
668, 669, 3
668, 698, 2
669, 670, 3
669, 699, 2
670, 671, 3
670, 700, 2
671, 672, 3
671, 701, 2
672, 673, 3
672, 702, 2
673, 674, 3
673, 703, 2
674, 675, 3
674, 704, 2
675, 676, 3
675, 705, 2
676, 677, 3
676, 706, 2
677, 678, 3
677, 707, 2
678, 679, 3
678, 708, 2
679, 680, 3
679, 709, 2
680, 681, 3
680, 710, 2
681, 682, 3
681, 711, 2
682, 683, 3
682, 712, 2
683, 684, 3
683, 713, 2
684, 685, 3
684, 714, 2
685, 686, 3
685, 715, 2
686, 687, 3
686, 716, 2
687, 688, 3
687, 717, 2
688, 689, 3
688, 718, 2
689, 690, 3
689, 719, 2
690, 720, 2
691, 692, 3
691, 721, 2
692, 693, 3
692, 722, 2
693, 694, 3
693, 723, 2
694, 695, 3
694, 724, 2
695, 696, 3
695, 725, 2
696, 697, 3
696, 726, 2
697, 698, 3
697, 727, 2
698, 699, 3
698, 728, 2
699, 700, 3
699, 729, 2
700, 701, 3
700, 730, 2
701, 702, 3
701, 731, 2
702, 703, 3
702, 732, 2
703, 704, 3
703, 733, 2
704, 705, 3
704, 734, 2
705, 706, 3
705, 735, 2
706, 707, 3
706, 736, 2
707, 708, 3
707, 737, 2
708, 709, 3
708, 738, 2
709, 710, 3
709, 739, 2
710, 711, 3
710, 740, 2
711, 712, 3
711, 741, 2
712, 713, 3
712, 742, 2
713, 714, 3
713, 743, 2
714, 715, 3
714, 744, 2
715, 716, 3
715, 745, 2
716, 717, 3
716, 746, 2
717, 718, 3
717, 747, 2
718, 719, 3
718, 748, 2
719, 720, 3
719, 749, 2
720, 750, 2
721, 722, 3
721, 751, 2
722, 723, 3
722, 752, 2
723, 724, 3
723, 753, 2
724, 725, 3
724, 754, 2
725, 726, 3
725, 755, 2
726, 727, 3
726, 756, 2
727, 728, 3
727, 757, 2
728, 729, 3
728, 758, 2
729, 730, 3
729, 759, 2
730, 731, 3
730, 760, 2
731, 732, 3
731, 761, 2
732, 733, 3
732, 762, 2
733, 734, 3
733, 763, 2
734, 735, 3
734, 764, 2
735, 736, 3
735, 765, 2
736, 737, 3
736, 766, 2
737, 738, 3
737, 767, 2
738, 739, 3
738, 768, 2
739, 740, 3
739, 769, 2
740, 741, 3
740, 770, 2
741, 742, 3
741, 771, 2
742, 743, 3
742, 772, 2
743, 744, 3
743, 773, 2
744, 745, 3
744, 774, 2
745, 746, 3
745, 775, 2
746, 747, 3
746, 776, 2
747, 748, 3
747, 777, 2
748, 749, 3
748, 778, 2
749, 750, 3
749, 779, 2
750, 780, 2
751, 752, 3
751, 781, 2
752, 753, 3
752, 782, 2
753, 754, 3
753, 783, 2
754, 755, 3
754, 784, 2
755, 756, 3
755, 785, 2
756, 757, 3
756, 786, 2
757, 758, 3
757, 787, 2
758, 759, 3
758, 788, 2
759, 760, 3
759, 789, 2
760, 761, 3
760, 790, 2
761, 762, 3
761, 791, 2
762, 763, 3
762, 792, 2
763, 764, 3
763, 793, 2
764, 765, 3
764, 794, 2
765, 766, 3
765, 795, 2
766, 767, 3
766, 796, 2
767, 768, 3
767, 797, 2
768, 769, 3
768, 798, 2
769, 770, 3
769, 799, 2
770, 771, 3
770, 800, 2
771, 772, 3
771, 801, 2
772, 773, 3
772, 802, 2
773, 774, 3
773, 803, 2
774, 775, 3
774, 804, 2
775, 776, 3
775, 805, 2
776, 777, 3
776, 806, 2
777, 778, 3
777, 807, 2
778, 779, 3
778, 808, 2
779, 780, 3
779, 809, 2
780, 810, 2
781, 782, 3
781, 811, 2
782, 783, 3
782, 812, 2
783, 784, 3
783, 813, 2
784, 785, 3
784, 814, 2
785, 786, 3
785, 815, 2
786, 787, 3
786, 816, 2
787, 788, 3
787, 817, 2
788, 789, 3
788, 818, 2
789, 790, 3
789, 819, 2
790, 791, 3
790, 820, 2
791, 792, 3
791, 821, 2
792, 793, 3
792, 822, 2
793, 794, 3
793, 823, 2
794, 795, 3
794, 824, 2
795, 796, 3
795, 825, 2
796, 797, 3
796, 826, 2
797, 798, 3
797, 827, 2
798, 799, 3
798, 828, 2
799, 800, 3
799, 829, 2
800, 801, 3
800, 830, 2
801, 802, 3
801, 831, 2
802, 803, 3
802, 832, 2
803, 804, 3
803, 833, 2
804, 805, 3
804, 834, 2
805, 806, 3
805, 835, 2
806, 807, 3
806, 836, 2
807, 808, 3
807, 837, 2
808, 809, 3
808, 838, 2
809, 810, 3
809, 839, 2
810, 840, 2
811, 812, 3
811, 841, 2
812, 813, 3
812, 842, 2
813, 814, 3
813, 843, 2
814, 815, 3
814, 844, 2
815, 816, 3
815, 845, 2
816, 817, 3
816, 846, 2
817, 818, 3
817, 847, 2
818, 819, 3
818, 848, 2
819, 820, 3
819, 849, 2
820, 821, 3
820, 850, 2
821, 822, 3
821, 851, 2
822, 823, 3
822, 852, 2
823, 824, 3
823, 853, 2
824, 825, 3
824, 854, 2
825, 826, 3
825, 855, 2
826, 827, 3
826, 856, 2
827, 828, 3
827, 857, 2
828, 829, 3
828, 858, 2
829, 830, 3
829, 859, 2
830, 831, 3
830, 860, 2
831, 832, 3
831, 861, 2
832, 833, 3
832, 862, 2
833, 834, 3
833, 863, 2
834, 835, 3
834, 864, 2
835, 836, 3
835, 865, 2
836, 837, 3
836, 866, 2
837, 838, 3
837, 867, 2
838, 839, 3
838, 868, 2
839, 840, 3
839, 869, 2
840, 870, 2
841, 842, 3
841, 871, 2
842, 843, 3
842, 872, 2
843, 844, 3
843, 873, 2
844, 845, 3
844, 874, 2
845, 846, 3
845, 875, 2
846, 847, 3
846, 876, 2
847, 848, 3
847, 877, 2
848, 849, 3
848, 878, 2
849, 850, 3
849, 879, 2
850, 851, 3
850, 880, 2
851, 852, 3
851, 881, 2
852, 853, 3
852, 882, 2
853, 854, 3
853, 883, 2
854, 855, 3
854, 884, 2
855, 856, 3
855, 885, 2
856, 857, 3
856, 886, 2
857, 858, 3
857, 887, 2
858, 859, 3
858, 888, 2
859, 860, 3
859, 889, 2
860, 861, 3
860, 890, 2
861, 862, 3
861, 891, 2
862, 863, 3
862, 892, 2
863, 864, 3
863, 893, 2
864, 865, 3
864, 894, 2
865, 866, 3
865, 895, 2
866, 867, 3
866, 896, 2
867, 868, 3
867, 897, 2
868, 869, 3
868, 898, 2
869, 870, 3
869, 899, 2
870, 900, 2
871, 872, 3
872, 873, 3
873, 874, 3
874, 875, 3
875, 876, 3
876, 877, 3
877, 878, 3
878, 879, 3
879, 880, 3
880, 881, 3
881, 882, 3
882, 883, 3
883, 884, 3
884, 885, 3
885, 886, 3
886, 887, 3
887, 888, 3
888, 889, 3
889, 890, 3
890, 891, 3
891, 892, 3
892, 893, 3
893, 894, 3
894, 895, 3
895, 896, 3
896, 897, 3
897, 898, 3
898, 899, 3
899, 900, 3
